list(theta = c(kax1 = 0.2, CLx1 = 70, Vcx1 = 85, Q1x1 = 10, Vp1x1 = 1000, kax2 = 0.08, 
CLx2 = 70, Vcx2 = 550, Q1x2 = 300, Vp1x2 = 30000, GR = 0.065, EMAXx1 = 0.2, EC50x1 = 0.004, 
hillx1 = 3, EMAXx2 = 0.25, EC50x2 = 0.0085, hillx2 = 6, Gamma = 1, PLbase = 10), 
    S = structure(c(6.4e-05, 0.00186916212270399, 0.000595706251206443, 1.24586910966916e-05, 
    0.00736510485429849, 3.51827240363853e-06, 0.00781949873793761, 0.0107947665806708, 
    0.0304099032917664, 0.48200360053523, 5.31306122365455e-06, 5.34325689262695e-06, 
    5.6696927847024e-07, 0.00468907653900224, 6.83421839743339e-06, 6.23721150564342e-07, 
    0.00255815285222239, 2.41545531727509e-06, 3.20331437681308e-06, 0.00186916212270399, 
    17.64, 0.430862953695914, 0.0491820946754414, 22.3200460968937, 0.000114603874577596, 
    0.100463390536278, 1.76142165477403, 107.975933871802, 704.328827968, 0.00139639343239568, 
    0.000815613013138066, 2.35332765360723e-05, 0.0394127514499429, 0.00122136340424354, 
    9.82425091338441e-07, 0.100429607669949, 0.00165490261799132, 0.0116530629409445, 
    0.000595706251206443, 0.430862953695914, 72.25, 0.243593188438655, 53.6822625419213, 
    0.00129211621384504, 1.15073881622313, 15.305710567697, 48.2161584822651, 4191.40721178795, 
    0.000222369261919684, 0.0206356991775859, 0.000258198792392274, 0.426053887368039, 
    0.0491419668026166, 0.000440627160525256, 0.623260205361473, 0.00145941542435566, 
    0.00897315594196256, 1.24586910966916e-05, 0.0491820946754414, 0.243593188438655, 
    0.2025, 8.2558698019103, 8.49661998617531e-06, 0.027497054099581, 2.24929943874405, 
    0.319294204292269, 362.763556431692, 0.000261839452658223, 0.000330864570181834, 
    0.000221099251126815, 0.132667528036897, 0.000864326706519031, 0.000115714077519717, 
    0.00281132569601571, 0.000196280629507076, 0.000146747269443842, 0.00736510485429849, 
    22.3200460968937, 53.6822625419213, 8.2558698019103, 5625, 0.01519641764386, 
    7.34621584837069, 2.8995666775083, 717.087669276948, 20839.4275987428, 0.0174089957639369, 
    0.0100014161526662, 0.00320028317839433, 5.45879005854554, 0.0323339442460215, 
    0.0129095650218752, 14.7534623639113, 0.0810555850654273, 0.102111474005504, 
    3.51827240363853e-06, 0.000114603874577596, 0.00129211621384504, 8.49661998617531e-06, 
    0.01519641764386, 5.184e-05, 0.000622652330432616, 0.0442452481570885, 0.00443937490673431, 
    3.96214045754256, 6.21442594481854e-06, 1.34871188278949e-06, 1.04973986184751e-06, 
    0.000169917808947304, 7.16316472822447e-06, 6.74832658619674e-07, 0.00297194448171616, 
    2.80522614374245e-07, 8.78887219633416e-07, 0.00781949873793761, 0.100463390536278, 
    1.15073881622313, 0.027497054099581, 7.34621584837069, 0.000622652330432616, 
    49, 26.9521120550325, 1.4906449411529, 1069.78520259258, 4.78965511859503e-05, 
    0.000177012069305907, 0.0017108031353316, 0.000779890469338334, 0.000208094688349672, 
    0.000142803698946329, 0.0218977632491181, 0.000710517035163605, 0.000784999939687691, 
    0.0107947665806708, 1.76142165477403, 15.305710567697, 2.24929943874405, 2.8995666775083, 
    0.0442452481570885, 26.9521120550325, 6806.25, 6.436273114445, 18624.156001758, 
    0.0183281322997461, 0.0105866348325433, 0.0034999816057283, 0.499867070003281, 
    0.000120306309034709, 0.0297095138430914, 7.78080419542415, 0.022559467251259, 
    0.0856530849189657, 0.0304099032917664, 107.975933871802, 48.2161584822651, 0.319294204292269, 
    717.087669276948, 0.00443937490673431, 1.4906449411529, 6.436273114445, 812.25, 
    4848.03915429751, 0.0142057416556093, 0.0790128084706723, 0.00488651504549756, 
    0.2326064867819, 0.115773091825517, 0.00339066326040313, 0.00727137324732151, 
    0.157069855987721, 0.00718525524586494, 0.48200360053523, 704.328827968, 4191.40721178795, 
    362.763556431692, 20839.4275987428, 3.96214045754256, 1069.78520259258, 18624.156001758, 
    4848.03915429751, 8122500, 0.0168573209901331, 1.26774398593946, 0.134185975838139, 
    249.419508168112, 7.82636236179872, 0.292707906144352, 38.0330044855726, 0.635856504450777, 
    2.04663966318096, 5.31306122365455e-06, 0.00139639343239568, 0.000222369261919684, 
    0.000261839452658223, 0.0174089957639369, 6.21442594481854e-06, 4.78965511859503e-05, 
    0.0183281322997461, 0.0142057416556093, 0.0168573209901331, 2.704e-05, 5.04060386330263e-07, 
    2.89977451890169e-07, 0.000231667484150559, 2.83944922765165e-06, 2.98588437670988e-07, 
    0.00286114420218723, 1.60145039242133e-06, 3.55190758955868e-06, 5.34325689262695e-06, 
    0.000815613013138066, 0.0206356991775859, 0.000330864570181834, 0.0100014161526662, 
    1.34871188278949e-06, 0.000177012069305907, 0.0105866348325433, 0.0790128084706723, 
    1.26774398593946, 5.04060386330263e-07, 0.000121, 4.7252850571624e-07, 2.40989052367023e-05, 
    1.10201572501218e-06, 3.82852247973183e-06, 0.00112795082230556, 3.56837735593511e-05, 
    3.60445083034304e-05, 5.6696927847024e-07, 2.35332765360723e-05, 0.000258198792392274, 
    0.000221099251126815, 0.00320028317839433, 1.04973986184751e-06, 0.0017108031353316, 
    0.0034999816057283, 0.00488651504549756, 0.134185975838139, 2.89977451890169e-07, 
    4.7252850571624e-07, 2.56e-06, 2.11123561168477e-05, 2.17256627455562e-06, 1.12730730081467e-06, 
    5.73342680343435e-05, 3.14408370527114e-09, 7.79641542670902e-07, 0.00468907653900224, 
    0.0394127514499429, 0.426053887368039, 0.132667528036897, 5.45879005854554, 0.000169917808947304, 
    0.000779890469338334, 0.499867070003281, 0.2326064867819, 249.419508168112, 0.000231667484150559, 
    2.40989052367023e-05, 2.11123561168477e-05, 0.36, 0.0015140555228339, 6.8630264282049e-06, 
    0.0263475557745867, 0.000136453632485931, 0.000285972871878766, 6.83421839743339e-06, 
    0.00122136340424354, 0.0491419668026166, 0.000864326706519031, 0.0323339442460215, 
    7.16316472822447e-06, 0.000208094688349672, 0.000120306309034709, 0.115773091825517, 
    7.82636236179872, 2.83944922765165e-06, 1.10201572501218e-06, 2.17256627455562e-06, 
    0.0015140555228339, 1e-04, 3.38656376575289e-06, 9.39137273027209e-05, 7.07950467472491e-06, 
    9.8479609424058e-06, 6.23721150564342e-07, 9.82425091338441e-07, 0.000440627160525256, 
    0.000115714077519717, 0.0129095650218752, 6.74832658619674e-07, 0.000142803698946329, 
    0.0297095138430914, 0.00339066326040313, 0.292707906144352, 2.98588437670988e-07, 
    3.82852247973183e-06, 1.12730730081467e-06, 6.8630264282049e-06, 3.38656376575289e-06, 
    6.5025e-06, 0.00129754250432884, 1.9878884142645e-05, 3.09948519634355e-05, 0.00255815285222239, 
    0.100429607669949, 0.623260205361473, 0.00281132569601571, 14.7534623639113, 
    0.00297194448171616, 0.0218977632491181, 7.78080419542415, 0.00727137324732151, 
    38.0330044855726, 0.00286114420218723, 0.00112795082230556, 5.73342680343435e-05, 
    0.0263475557745867, 9.39137273027209e-05, 0.00129754250432884, 1.44, 4.9840999506356e-05, 
    6.34359826219259e-05, 2.41545531727509e-06, 0.00165490261799132, 0.00145941542435566, 
    0.000196280629507076, 0.0810555850654273, 2.80522614374245e-07, 0.000710517035163605, 
    0.022559467251259, 0.157069855987721, 0.635856504450777, 1.60145039242133e-06, 
    3.56837735593511e-05, 3.14408370527114e-09, 0.000136453632485931, 7.07950467472491e-06, 
    1.9878884142645e-05, 4.9840999506356e-05, 4e-04, 0.00021737572341204, 3.20331437681308e-06, 
    0.0116530629409445, 0.00897315594196256, 0.000146747269443842, 0.102111474005504, 
    8.78887219633416e-07, 0.000784999939687691, 0.0856530849189657, 0.00718525524586494, 
    2.04663966318096, 3.55190758955868e-06, 3.60445083034304e-05, 7.79641542670902e-07, 
    0.000285972871878766, 9.8479609424058e-06, 3.09948519634355e-05, 6.34359826219259e-05, 
    0.00021737572341204, 0.0025), .Dim = c(19L, 19L),