list(theta = c(kax1 = 0.2, CLx1 = 70, Vcx1 = 85, Q1x1 = 10, Vp1x1 = 1000, kax2 = 0.08, 
CLx2 = 70, Vcx2 = 550, Q1x2 = 300, Vp1x2 = 30000, GR = 0.065, EMAXx1 = 0.2, EC50x1 = 0.004, 
hillx1 = 3, EMAXx2 = 0.25, EC50x2 = 0.0085, hillx2 = 6, Gamma = 1, PLbase = 10), 
    S = structure(c(6.4e-05, 0.00186916212270399, 0.000595706251206443, 1.24586910966916e-05, 
    0.00736510485429849, 3.51827240363853e-06, 0.00781949873793761, 0.0107947665806708, 
    0.0304099032917664, 0.48200360053523, 5.31306122365455e-06, 5.34325689262695e-06, 
    5.6696927847024e-07, 0.00468907653900224, 6.83421839743339e-06, 6.23721150564342e-07, 
    0.00255815285222239, 2.41545531727509e-06, 3.20331437681308e-06, 0.00186916212270399, 
    17.64, 0.430862953695914, 0.0491820946754414, 22.3200460968937, 0.000114603874577596, 
    0.100463390536278, 1.76142165477403, 107.975933871802, 704.328827968, 0.00139639343239568, 
    0.000815613013138066, 2.35332765360723e-05, 0.0394127514499429, 0.00122136340424354, 
    9.82425091338441e-07, 0.100429607669949, 0.00165490261799132, 0.0116530629409445, 
    0.000595706251206443, 0.430862953695914, 72.25, 0.243593188438655, 53.6822625419213, 
    0.00129211621384504, 1.15073881622313, 15.305710567697, 48.2161584822651, 4191.40721178795, 
    0.000222369261919684, 0.0206356991775859, 0.000258198792392274, 0.426053887368039, 
    0.0491419668026166, 0.000440627160525256, 0.623260205361473, 0.00145941542435566, 
    0.00897315594196256, 1.24586910966916e-05, 0.0491820946754414, 0.243593188438655, 
    0.2025, 8.2558698019103, 8.49661998617531e-06, 0.027497054099581, 2.24929943874405, 
    0.319294204292269, 362.763556431692, 0.000261839452658223, 0.000330864570181834, 
    0.000221099251126815, 0.132667528036897, 0.000864326706519031, 0.000115714077519717, 
    0.00281132569601571, 0.000196280629507076, 0.000146747269443842, 0.00736510485429849, 
    22.3200460968937, 53.6822625419213, 8.2558698019103, 5625, 0.01519641764386, 
    7.34621584837069, 2.8995666775083, 717.087669276948, 20839.4275987428, 0.0174089957639369, 
    0.0100014161526662, 0.00320028317839433, 5.45879005854554, 0.0323339442460215, 
    0.0129095650218752, 14.7534623639113, 0.0810555850654273, 0.102111474005504, 
    3.51827240363853e-06, 0.000114603874577596, 0.00129211621384504, 8.49661998617531e-06, 
    0.01519641764386, 5.184e-05, 0.000622652330432616, 0.0442452481570885, 0.00443937490673431, 
    3.96214045754256, 6.21442594481854e-06, 1.34871188278949e-06, 1.04973986184751e-06, 
    0.000169917808947304, 7.16316472822447e-06, 6.74832658619674e-07, 0.00297194448171616, 
    2.80522614374245e-07, 8.78887219633416e-07, 0.00781949873793761, 0.100463390536278, 
    1.15073881622313, 0.027497054099581, 7.34621584837069, 0.000622652330432616, 
    49, 26.9521120550325, 1.4906449411529, 1069.78520259258, 4.78965511859503e-05, 
    0.000177012069305907, 0.0017108031353316, 0.000779890469338334, 0.000208094688349672, 
    0.000142803698946329, 0.0218977632491181, 0.000710517035163605, 0.000784999939687691, 
    0.0107947665806708, 1.76142165477403, 15.305710567697, 2.24929943874405, 2.8995666775083, 
    0.0442452481570885, 26.9521120550325, 6806.25, 6.436273114445, 18624.156001758, 
    0.0183281322997461, 0.0105866348325433, 0.0034999816057283, 0.499867070003281, 
    0.000120306309034709, 0.0297095138430914, 7.78080419542415, 0.022559467251259, 
    0.0856530849189657, 0.0304099032917664, 107.975933871802, 48.2161584822651, 0.319294204292269, 
    717.087669276948, 0.00443937490673431, 1.4906449411529, 6.436273114445, 812.25, 
    4848.03915429751, 0.0142057416556093, 0.0790128084706723, 0.00488651504549756, 
    0.2326064867819, 0.115773091825517, 0.00339066326040313, 0.00727137324732151, 
    0.157069855987721, 0.00718525524586494, 0.48200360053523, 704.328827968, 4191.40721178795, 
    362.763556431692, 20839.4275987428, 3.96214045754256, 1069.78520259258, 18624.156001758, 
    4848.03915429751, 8122500, 0.0168573209901331, 1.26774398593946, 0.134185975838139, 
    249.419508168112, 7.82636236179872, 0.292707906144352, 38.0330044855726, 0.635856504450777, 
    2.04663966318096, 5.31306122365455e-06, 0.00139639343239568, 0.000222369261919684, 
    0.000261839452658223, 0.0174089957639369, 6.21442594481854e-06, 4.78965511859503e-05, 
    0.0183281322997461, 0.0142057416556093, 0.0168573209901331, 2.704e-05, 5.04060386330263e-07, 
    2.89977451890169e-07, 0.000231667484150559, 2.83944922765165e-06, 2.98588437670988e-07, 
    0.00286114420218723, 1.60145039242133e-06, 3.55190758955868e-06, 5.34325689262695e-06, 
    0.000815613013138066, 0.0206356991775859, 0.000330864570181834, 0.0100014161526662, 
    1.34871188278949e-06, 0.000177012069305907, 0.0105866348325433, 0.0790128084706723, 
    1.26774398593946, 5.04060386330263e-07, 0.000121, 4.7252850571624e-07, 2.40989052367023e-05, 
    1.10201572501218e-06, 3.82852247973183e-06, 0.00112795082230556, 3.56837735593511e-05, 
    3.60445083034304e-05, 5.6696927847024e-07, 2.35332765360723e-05, 0.000258198792392274, 
    0.000221099251126815, 0.00320028317839433, 1.04973986184751e-06, 0.0017108031353316, 
    0.0034999816057283, 0.00488651504549756, 0.134185975838139, 2.89977451890169e-07, 
    4.7252850571624e-07, 2.56e-06, 2.11123561168477e-05, 2.17256627455562e-06, 1.12730730081467e-06, 
    5.73342680343435e-05, 3.14408370527114e-09, 7.79641542670902e-07, 0.00468907653900224, 
    0.0394127514499429, 0.426053887368039, 0.132667528036897, 5.45879005854554, 0.000169917808947304, 
    0.000779890469338334, 0.499867070003281, 0.2326064867819, 249.419508168112, 0.000231667484150559, 
    2.40989052367023e-05, 2.11123561168477e-05, 0.36, 0.0015140555228339, 6.8630264282049e-06, 
    0.0263475557745867, 0.000136453632485931, 0.000285972871878766, 6.83421839743339e-06, 
    0.00122136340424354, 0.0491419668026166, 0.000864326706519031, 0.0323339442460215, 
    7.16316472822447e-06, 0.000208094688349672, 0.000120306309034709, 0.115773091825517, 
    7.82636236179872, 2.83944922765165e-06, 1.10201572501218e-06, 2.17256627455562e-06, 
    0.0015140555228339, 1e-04, 3.38656376575289e-06, 9.39137273027209e-05, 7.07950467472491e-06, 
    9.8479609424058e-06, 6.23721150564342e-07, 9.82425091338441e-07, 0.000440627160525256, 
    0.000115714077519717, 0.0129095650218752, 6.74832658619674e-07, 0.000142803698946329, 
    0.0297095138430914, 0.00339066326040313, 0.292707906144352, 2.98588437670988e-07, 
    3.82852247973183e-06, 1.12730730081467e-06, 6.8630264282049e-06, 3.38656376575289e-06, 
    6.5025e-06, 0.00129754250432884, 1.9878884142645e-05, 3.09948519634355e-05, 0.00255815285222239, 
    0.100429607669949, 0.623260205361473, 0.00281132569601571, 14.7534623639113, 
    0.00297194448171616, 0.0218977632491181, 7.78080419542415, 0.00727137324732151, 
    38.0330044855726, 0.00286114420218723, 0.00112795082230556, 5.73342680343435e-05, 
    0.0263475557745867, 9.39137273027209e-05, 0.00129754250432884, 1.44, 4.9840999506356e-05, 
    6.34359826219259e-05, 2.41545531727509e-06, 0.00165490261799132, 0.00145941542435566, 
    0.000196280629507076, 0.0810555850654273, 2.80522614374245e-07, 0.000710517035163605, 
    0.022559467251259, 0.157069855987721, 0.635856504450777, 1.60145039242133e-06, 
    3.56837735593511e-05, 3.14408370527114e-09, 0.000136453632485931, 7.07950467472491e-06, 
    1.9878884142645e-05, 4.9840999506356e-05, 4e-04, 0.00021737572341204, 3.20331437681308e-06, 
    0.0116530629409445, 0.00897315594196256, 0.000146747269443842, 0.102111474005504, 
    8.78887219633416e-07, 0.000784999939687691, 0.0856530849189657, 0.00718525524586494, 
    2.04663966318096, 3.55190758955868e-06, 3.60445083034304e-05, 7.79641542670902e-07, 
    0.000285972871878766, 9.8479609424058e-06, 3.09948519634355e-05, 6.34359826219259e-05, 
    0.00021737572341204, 0.0025), .Dim = c(19L, 19L), .Dimnames = list(c("kax1", 
    "CLx1", "Vcx1", "Q1x1", "Vp1x1", "kax2", "CLx2", "Vcx2", "Q1x2", "Vp1x2", "GR", 
    "EMAXx1", "EC50x1", "hillx1", "EMAXx2", "EC50x2", "hillx2", "Gamma", "PLbase"
    ), c("kax1", "CLx1", "Vcx1", "Q1x1", "Vp1x1", "kax2", "CLx2", "Vcx2", "Q1x2", 
    "Vp1x2", "GR", "EMAXx1", "EC50x1", "hillx1", "EMAXx2", "EC50x2", "hillx2", "Gamma", 
    "PLbase"))), Omega = structure(c(0.0064, 0.000562462532353009, 0.000614082923133664, 
    0.000702093394360794, 0.000326769858810142, 0.000105524695218571, 0.00948555054234029, 
    0.0108574321439122, 0.0119404306680268, 0.000949889479757608, 0, 0.000202094055993557, 
    0.000408622027193324, 0, 0.000364124281703124, 0.00617806165795395, 0, 0, 0.000482988631934439, 
    0.000562462532353009, 0.1225, 0.0421548233544216, 0.000980387605522898, 0.010482244309235, 
    0.0172579981293513, 0.00337194913965169, 0.00300223554171576, 0.0128013769977966, 
    2.10472249142909e-05, 0, 0.00172521211529339, 0.00115328852722164, 0, 0.000113000014297094, 
    0.00122220468719891, 0, 0, 0.000394072159806295, 0.000614082923133664, 0.0421548233544216, 
    0.49, 0.000995460952887426, 0.000248831361570064, 0.0145023513102237, 0.0280465084053789, 
    0.0155904571276345, 0.0395123639581556, 0.0465144457838388, 0, 0.00802702661584249, 
    0.000132347369586688, 0, 0.0110065841973504, 0.0030174035533888, 0, 0, 0.000882763033518051, 
    0.000702093394360794, 0.000980387605522898, 0.000995460952887426, 0.0025, 0.00297941587471369, 
    0.000226859976893392, 0.00162190930365983, 0.00109586753204257, 0.000170311509494464, 
    0.00322465529921749, 0, 5.76990598147107e-06, 0.000125034790094365, 0, 6.97695276420721e-05, 
    0.000753168303985126, 0, 0, 7.9643018043577e-05, 0.000326769858810142, 0.010482244309235, 
    0.000248831361570064, 0.00297941587471369, 0.3025, 0.00116984575733643, 0.00207690374333084, 
    0.0245932328696359, 0.142769348887896, 0.0177280319389091, 0, 0.00145731029902771, 
    0.00262932254441983, 0, 0.000232207899601064, 0.00601023124421975, 0, 0, 0.00483663161321929, 
    0.000105524695218571, 0.0172579981293513, 0.0145023513102237, 0.000226859976893392, 
    0.00116984575733643, 0.2025, 0.113248895812356, 0.000156956646649386, 0.179139580524443, 
    0.0174453397418458, 0, 0.000476253187015707, 0.0205732325169934, 0, 0.000588680345180392, 
    0.00146415618151891, 0, 0, 0.00443079313039548, 0.00948555054234029, 0.00337194913965169, 
    0.0280465084053789, 0.00162190930365983, 0.00207690374333084, 0.113248895812356, 
    0.4225, 0.0100927468886747, 0.011814025356209, 0.00938338245828577, 0, 0.00623721945608163, 
    0.00239881591768289, 0, 0.00267602466218501, 0.00475251621562286, 0, 0, 0.00269015019125926, 
    0.0108574321439122, 0.00300223554171576, 0.0155904571276345, 0.00109586753204257, 
    0.0245932328696359, 0.000156956646649386, 0.0100927468886747, 0.49, 0.00627740398307949, 
    0.0234489587288916, 0, 0.00180494827109733, 0.00183236966547512, 0, 0.000859631067871402, 
    0.000121502675345055, 0, 0, 0.00163896493041895, 0.0119404306680268, 0.0128013769977966, 
    0.0395123639581556, 0.000170311509494464, 0.142769348887896, 0.179139580524443, 
    0.011814025356209, 0.00627740398307949, 0.36, 0.00365132169800745, 0, 0.0101811403477139, 
    0.000535880120659935, 0, 0.00202043232155388, 0.000439692624748732, 0, 0, 0.0129101203196574, 
    0.000949889479757608, 2.10472249142909e-05, 0.0465144457838388, 0.00322465529921749, 
    0.0177280319389091, 0.0174453397418458, 0.00938338245828577, 0.0234489587288916, 
    0.00365132169800745, 0.36, 0, 0.00123220367606568, 0.0209431289633805, 0, 6.6944719100126e-05, 
    0.00165950821292114, 0, 0, 0.000485038988883664, 0, 0, 0, 0, 0, 0, 0, 0, 0, 0, 
    0, 0, 0, 0, 0, 0, 0, 0, 0, 0.000202094055993557, 0.00172521211529339, 0.00802702661584249, 
    5.76990598147107e-06, 0.00145731029902771, 0.000476253187015707, 0.00623721945608163, 
    0.00180494827109733, 0.0101811403477139, 0.00123220367606568, 0, 0.01, 0.00153797466867517, 
    0, 0.000186599280206091, 0.000417100872008504, 0, 0, 0.00044233755799498, 0.000408622027193324, 
    0.00115328852722164, 0.000132347369586688, 0.000125034790094365, 0.00262932254441983, 
    0.0205732325169934, 0.00239881591768289, 0.00183236966547512, 0.000535880120659935, 
    0.0209431289633805, 0, 0.00153797466867517, 0.09, 0, 0.00365982088476553, 0.000319826883467195, 
    0, 0, 0.00117834097573741, 0, 0, 0, 0, 0, 0, 0, 0, 0, 0, 0, 0, 0, 0, 0, 0, 0, 
    0, 0, 0.000364124281703124, 0.000113000014297094, 0.0110065841973504, 6.97695276420721e-05, 
    0.000232207899601064, 0.000588680345180392, 0.00267602466218501, 0.000859631067871402, 
    0.00202043232155388, 6.6944719100126e-05, 0, 0.000186599280206091, 0.00365982088476553, 
    0, 0.01, 0.00190017991595317, 0, 0, 7.32354414246728e-05, 0.00617806165795395, 
    0.00122220468719891, 0.0030174035533888, 0.000753168303985126, 0.00601023124421975, 
    0.00146415618151891, 0.00475251621562286, 0.000121502675345055, 0.000439692624748732, 
    0.00165950821292114, 0, 0.000417100872008504, 0.000319826883467195, 0, 0.00190017991595317, 
    0.09, 0, 0, 0.00924071095639775, 0, 0, 0, 0, 0, 0, 0, 0, 0, 0, 0, 0, 0, 0, 0, 
    0, 0, 0, 0, 0, 0, 0, 0, 0, 0, 0, 0, 0, 0, 0, 0, 0, 0, 0, 0, 0, 0, 0, 0.000482988631934439, 
    0.000394072159806295, 0.000882763033518051, 7.9643018043577e-05, 0.00483663161321929, 
    0.00443079313039548, 0.00269015019125926, 0.00163896493041895, 0.0129101203196574, 
    0.000485038988883664, 0, 0.00044233755799498, 0.00117834097573741, 0, 7.32354414246728e-05, 
    0.00924071095639775, 0, 0, 0.01), .Dim = c(19L, 19L), .Dimnames = list(c("kax1", 
    "CLx1", "Vcx1", "Q1x1", "Vp1x1", "kax2", "CLx2", "Vcx2", "Q1x2", "Vp1x2", "GR", 
    "EMAXx1", "EC50x1", "hillx1", "EMAXx2", "EC50x2", "hillx2", "Gamma", "PLbase"
    ), c("kax1", "CLx1", "Vcx1", "Q1x1", "Vp1x1", "kax2", "CLx2", "Vcx2", "Q1x2", 
    "Vp1x2", "GR", "EMAXx1", "EC50x1", "hillx1", "EMAXx2", "EC50x2", "hillx2", "Gamma", 
    "PLbase"))))
